B: 0.36426129937171936
G: 0.406549334526062
R: 0.49698397517204285
